A=[1 2 0 0; 2 -1 1 0; 0 1 -1 1; 0 0 1 1];
b=[5;3;3;7];
x=A\b